T,330,2
T,440,1,277,7,100,9
T/2,440,1,277,7,165,9
T/2,494,1,277,7,165,9
T/2,440,1,277,7,220,9
T/2,415,1,277,7,220,9
T,370,1,294,7,147,9
T,370,1,294,7,185,9
T,370,1,294,7,220,9
T,494,1,294,7,123,9
T/2,494,1,294,7,185,9
T/2,554,1,294,7,185,9
T/2,494,1,294,7,247,9
T/2,440,1,294,7,247,9
T,415,1,330,7,165,9
T,330,1,208,9
T,330,1,165,9
T,554,0,330,6,110,9
T/2,554,0,330,6,165,9
T/2,587,0,330,6,165,9
T/2,554,0,330,6,220,9
T/2,494,0,330,6,220,9
T,440,0,294,6,147,8
T,370,0,294,6,220,8
T/2,330,1,220,6,139,9
T/2,330,1,220,6
T,370,0,294,6,147,8
T,494,0,294,6,185,8
T,415,1,330,7,247,9
T*2,440,0,277,5,110,8
T,330,2
T,440,2,277,8,110,10
T/2,440,2,277,8,165,10
T/2,494,2,277,8,165,10
T/2,440,2,277,8,220,10
T/2,415,2,277,8,220,10
T,370,2,294,8,147,10
T,370,2,294,8,185,10
T,370,2,294,8,220,10
T,494,1,294,7,123,9
T/2,494,1,294,7,185,9
T/2,554,1,294,7,185,9
T/2,494,1,294,7,247,9
T/2,440,1,294,7,247,9
T,415,1,330,7,165,9
T,330,2,208,6
T,330,1,165,6
T,554,0,330,6,110,9
T/2,554,0,330,6,165,9
T/2,587,0,330,6,165,9
T/2,554,0,330,6,220,9
T/2,494,0,330,6,220,3
T,440,0,294,6,147,9
T,370,0,294,6,220,9
T/2,330,0,220,6,139,9
T/2,330,0,220,6
T,370,0,220,6
T,370,0,294,6,147,9
T,494,0,370,6,123,9
T,415,0,294,6,165,9
T*4,440,0,330,6,139,9

